1	159
1	199
1	199
1	199
1	201
1	201
1	340
1	340
1	340
1	459
1	459
1	459
1	459
1	470
1	470
1	470
1	470
1	470
1	501
1	501
1	508
1	508
1	508
1	508
1	534
1	534
1	534
1	606
1	606
1	606
1	606
1	656
1	671
2	331
3	431
3	655
4	49
4	89
4	89
4	89
4	230
4	230
4	230
4	250
4	341
4	341
4	385
4	395
4	464
4	499
4	514
5	99
5	99
5	138
5	138
5	170
5	170
5	170
5	170
5	187
5	187
5	257
5	257
5	257
5	357
5	357
5	357
5	362
5	502
5	502
6	54
6	72
6	116
6	213
6	213
6	213
6	353
6	383
6	658
7	27
7	27
7	27
7	27
7	41
7	41
7	41
7	48
7	48
7	48
7	48
7	109
7	109
7	126
7	126
7	126
7	278
7	278
7	278
7	278
7	278
7	278
7	298
7	298
7	298
7	298
7	310
7	317
7	317
7	387
7	402
7	402
7	423
7	423
7	436
7	496
7	546
7	546
7	546
7	546
7	590
7	590
7	590
7	616
7	616
7	618
7	641
8	196
8	588
9	399
9	399
9	399
9	511
9	535
9	568
9	594
10	440
10	493
11	12
11	440
12	13
12	25
12	25
12	25
12	149
12	149
12	149
12	206
12	235
12	235
12	235
12	235
12	254
12	360
12	433
12	440
12	440
12	462
12	462
12	464
12	471
12	471
12	533
12	533
12	533
12	533
12	619
13	52
13	213
13	258
13	384
13	384
13	455
13	471
13	505
13	573
14	206
14	293
14	357
14	401
14	403
14	403
14	403
14	487
14	538
15	30
15	30
15	30
15	58
15	58
15	58
15	58
15	58
15	58
15	66
15	66
15	99
15	99
15	99
15	99
15	99
15	104
15	104
15	148
15	148
15	170
15	170
15	170
15	187
15	187
15	187
15	187
15	187
15	187
15	271
15	271
15	301
15	301
15	301
15	330
15	330
15	330
15	330
15	332
15	337
15	361
15	361
15	451
15	451
15	455
15	644
15	644
16	296
16	536
16	549
16	549
17	57
18	198
18	296
18	296
18	446
19	47
19	105
19	238
19	570
20	21
20	352
20	414
20	422
20	591
20	591
20	629
21	442
22	94
22	94
22	94
22	95
22	165
22	165
22	165
22	211
22	253
22	253
22	253
22	274
22	347
22	347
22	347
22	347
22	370
22	370
22	370
22	376
22	376
22	376
22	614
22	614
22	614
22	625
22	625
22	641
23	51
23	89
23	172
23	175
23	464
23	464
23	464
23	464
23	548
24	414
25	105
25	174
25	174
25	212
25	212
25	226
25	226
25	226
25	235
25	250
25	372
25	372
25	433
25	433
25	433
25	533
25	533
26	229
26	578
27	48
27	278
27	546
27	590
28	206
28	403
28	403
28	487
29	111
29	111
29	111
29	111
29	245
29	245
29	245
29	245
29	362
29	362
29	393
29	446
29	446
29	446
29	484
29	484
29	484
29	484
29	601
29	601
29	638
29	638
29	638
29	659
29	659
30	40
30	58
30	58
30	58
30	58
30	58
30	92
30	92
30	99
30	99
30	99
30	99
30	99
30	99
30	129
30	138
30	138
30	158
30	187
30	187
30	187
30	187
30	187
30	187
30	190
30	190
30	190
30	228
30	228
30	228
30	228
30	228
30	228
30	397
30	397
30	397
30	397
30	460
30	460
30	488
30	488
30	488
30	545
30	545
31	75
31	269
31	269
31	380
31	492
31	492
31	533
32	60
32	60
32	60
32	60
32	209
32	265
32	448
32	664
33	233
34	234
34	234
34	234
34	234
34	234
34	255
34	255
34	255
34	283
34	283
34	283
34	283
34	299
34	299
34	299
34	312
34	312
34	312
34	314
34	415
34	415
34	472
34	472
34	472
35	503
35	672
36	37
36	382
36	382
36	436
36	482
36	490
36	502
37	68
37	212
37	292
37	292
37	668
38	96
38	110
38	145
38	145
38	145
38	145
38	145
38	252
38	271
38	271
38	478
38	548
39	118
39	118
39	239
39	573
39	596
39	665
41	93
41	93
41	152
41	152
41	152
41	152
41	171
41	171
41	188
41	188
41	188
41	188
41	236
41	263
41	263
41	282
41	304
41	317
41	317
41	367
41	367
41	367
41	367
41	367
41	367
41	367
41	367
41	402
41	402
41	516
41	589
41	618
41	618
41	618
41	618
42	54
42	54
42	174
42	384
42	384
42	393
42	393
42	393
42	412
42	412
42	412
42	445
42	445
42	445
42	505
42	505
42	505
42	521
42	521
42	521
42	521
42	521
42	550
42	550
43	518
44	77
44	77
44	142
44	143
44	143
44	325
44	325
44	363
44	497
44	510
44	636
44	636
45	69
45	133
45	535
46	47
46	287
46	298
46	339
46	428
46	490
46	664
47	338
47	338
47	428
47	429
47	429
47	431
47	431
47	655
47	655
48	49
48	60
48	89
48	93
48	93
48	93
48	126
48	126
48	126
48	159
48	159
48	171
48	181
48	188
48	188
48	188
48	188
48	188
48	202
48	263
48	263
48	263
48	263
48	304
48	317
48	317
48	317
48	317
48	339
48	402
48	418
48	418
48	418
48	418
48	418
48	589
48	589
48	589
48	651
48	651
48	651
48	651
48	657
48	657
48	657
48	657
48	657
49	57
49	57
49	73
49	73
49	156
49	156
49	156
49	164
49	185
49	185
49	185
49	279
49	279
49	279
49	328
49	328
49	382
49	382
49	387
49	411
49	411
49	411
49	449
49	449
49	449
49	449
49	449
49	524
49	537
50	104
50	104
50	104
50	168
50	168
50	168
50	234
50	234
50	234
50	234
50	299
50	299
50	312
50	312
50	312
50	498
50	511
50	552
50	552
51	227
51	510
51	656
52	55
52	68
52	68
52	68
52	68
52	68
52	71
52	71
52	71
52	77
52	77
52	84
52	84
52	84
52	106
52	106
52	142
52	169
52	169
52	169
52	169
52	178
52	186
52	212
52	212
52	212
52	227
52	227
52	253
52	253
52	253
52	254
52	254
52	254
52	254
52	254
52	259
52	259
52	259
52	285
52	285
52	285
52	285
52	305
52	311
52	311
52	311
52	311
52	311
52	325
52	325
52	343
52	343
52	355
52	355
52	355
52	402
52	438
52	451
52	451
52	451
52	451
52	499
52	606
52	630
52	630
52	630
52	630
52	636
52	636
53	69
53	91
53	94
53	94
53	115
53	133
53	294
53	294
53	323
53	352
53	352
53	535
53	573
53	591
54	213
54	213
54	213
54	213
54	245
54	258
54	258
54	393
54	393
54	393
54	393
54	454
54	454
54	521
54	521
54	521
54	521
55	152
55	462
56	99
56	99
56	99
56	146
56	190
56	190
56	371
56	371
56	460
56	460
56	485
56	485
57	63
57	63
57	63
57	100
57	102
57	102
57	102
57	102
57	102
57	119
57	145
57	156
57	156
57	156
57	156
57	156
57	156
57	166
57	166
57	166
57	181
57	181
57	195
57	195
57	208
57	208
57	208
57	279
57	279
57	279
57	279
57	279
57	295
57	295
57	331
57	345
57	345
57	432
57	432
57	432
57	432
57	453
57	453
57	453
57	473
57	473
57	473
57	473
57	473
57	473
57	499
57	571
57	571
57	571
57	571
57	587
57	648
58	68
58	84
58	92
58	92
58	134
58	134
58	134
58	138
58	138
58	146
58	146
58	146
58	170
58	170
58	170
58	170
58	170
58	170
58	170
58	190
58	190
58	190
58	190
58	240
58	257
58	257
58	301
58	301
58	301
58	301
58	330
58	330
58	330
58	330
58	330
58	330
58	361
58	361
58	397
58	397
58	397
58	397
58	397
58	397
58	404
58	404
58	404
58	404
58	426
58	426
58	426
58	486
58	486
58	486
58	486
58	644
58	644
59	289
59	552
60	111
60	126
60	141
60	141
60	151
60	151
60	151
60	151
60	151
60	209
60	209
60	209
60	209
60	265
60	265
60	265
60	265
60	265
60	420
60	420
60	448
60	448
60	448
60	457
60	458
60	458
60	458
60	506
60	506
60	506
60	506
60	506
60	664
61	277
61	382
61	382
61	382
61	490
61	528
61	641
62	145
62	169
62	169
62	251
62	251
62	341
62	341
62	478
62	478
62	478
62	478
62	575
63	89
63	90
63	157
63	157
63	195
63	195
63	195
63	413
63	432
63	432
63	443
63	449
63	473
63	473
63	473
63	473
63	537
63	537
63	537
63	537
64	79
64	79
64	231
64	231
64	247
64	267
64	267
64	267
64	267
64	291
64	291
64	292
64	292
64	292
64	387
64	482
64	482
64	581
64	608
65	481
66	99
66	99
66	99
66	99
66	187
66	187
66	187
66	486
66	486
66	488
66	488
66	530
67	349
67	450
67	509
67	569
68	74
68	74
68	74
68	74
68	80
68	142
68	142
68	145
68	170
68	170
68	178
68	178
68	254
68	254
68	254
68	254
68	259
68	259
68	263
68	292
68	292
68	311
68	311
68	357
68	357
68	357
68	482
68	490
68	490
68	510
68	510
69	152
69	494
69	535
69	535
69	646
70	95
70	569
71	72
71	77
71	77
71	77
71	77
71	77
71	77
71	143
71	143
71	143
71	143
71	245
71	325
71	325
71	343
71	343
71	519
71	624
71	640
71	660
72	77
72	77
72	131
73	102
73	102
73	162
73	162
73	176
73	176
73	185
73	185
73	185
73	185
73	208
73	208
73	356
73	356
73	449
73	449
73	449
73	449
74	178
74	259
74	291
74	292
74	292
74	357
74	502
75	183
75	564
76	193
77	131
77	131
77	131
77	143
77	143
77	143
77	143
77	245
77	322
77	350
77	533
77	558
77	558
77	636
77	636
77	636
77	636
77	636
77	640
77	640
77	660
77	660
77	666
77	666
78	82
78	82
78	93
78	193
78	193
78	193
78	193
78	202
78	202
78	287
78	317
78	381
78	381
78	463
78	463
78	490
78	490
78	490
78	490
78	514
78	516
78	516
79	108
79	108
79	212
79	212
79	233
79	233
79	233
79	267
79	267
79	292
79	292
79	292
79	292
79	357
79	357
79	357
80	191
80	254
80	288
80	421
80	421
80	557
80	662
81	228
82	103
82	381
82	490
83	157
83	369
83	470
83	473
83	510
83	553
83	635
84	104
84	250
84	250
84	285
84	285
84	325
84	426
84	426
84	468
84	491
84	497
84	636
84	636
84	636
84	666
84	666
85	97
85	315
85	522
86	373
86	503
87	99
87	173
87	173
87	245
87	245
87	311
87	362
87	362
87	362
87	362
87	362
87	484
87	484
87	541
87	541
87	549
87	549
87	638
87	638
87	638
87	638
87	638
88	327
89	90
89	230
89	342
89	342
89	386
89	464
89	464
89	464
89	464
89	499
89	499
89	651
89	651
89	651
90	253
90	306
90	306
90	306
90	307
90	506
90	605
90	623
90	668
91	94
91	94
91	94
91	94
91	94
91	94
91	135
91	135
91	135
91	135
91	135
91	223
91	223
91	223
91	223
91	264
91	264
91	264
91	278
91	370
91	370
91	370
91	370
91	370
91	376
91	376
91	376
91	376
91	376
91	379
91	379
91	379
91	379
91	389
91	389
91	389
91	389
91	389
91	405
91	405
91	405
91	405
91	405
91	617
91	617
91	617
91	617
91	646
91	646
91	646
91	646
91	646
92	184
92	228
92	228
92	274
92	301
92	301
92	301
92	301
92	324
93	126
93	126
93	126
93	152
93	152
93	152
93	280
93	367
93	367
93	367
93	396
93	396
93	396
93	418
93	418
93	418
93	463
93	657
93	657
93	657
94	115
94	127
94	189
94	215
94	215
94	215
94	370
94	370
94	370
94	370
94	370
94	376
94	376
94	376
94	376
94	376
94	379
94	379
94	389
94	389
94	405
94	405
94	529
94	529
94	529
94	561
94	561
94	561
94	561
94	561
94	614
94	614
94	614
94	614
94	614
94	651
95	254
95	254
95	254
95	328
95	328
95	382
95	382
95	449
95	449
95	449
95	482
95	506
95	510
95	608
95	625
95	648
96	101
96	101
96	136
96	142
96	251
96	271
96	271
96	271
96	348
96	378
96	444
96	444
96	534
96	534
96	555
97	346
97	346
97	364
97	468
97	468
97	474
98	100
98	282
98	282
98	565
99	134
99	134
99	134
99	146
99	146
99	146
99	146
99	146
99	146
99	146
99	148
99	148
99	170
99	170
99	170
99	170
99	170
99	170
99	170
99	170
99	170
99	170
99	170
99	170
99	170
99	175
99	176
99	190
99	190
99	190
99	190
99	190
99	196
99	196
99	240
99	240
99	240
99	240
99	240
99	257
99	257
99	257
99	291
99	291
99	291
99	291
99	292
99	292
99	311
99	330
99	330
99	330
99	330
99	330
99	330
99	330
99	330
99	330
99	365
99	365
99	397
99	397
99	397
99	397
99	397
99	397
99	404
99	404
99	404
99	404
99	460
99	460
99	460
99	482
99	482
99	486
99	486
99	486
99	486
99	486
99	488
99	488
99	488
99	488
99	488
99	530
99	530
99	530
99	545
99	545
99	545
99	545
99	567
99	567
99	588
99	588
99	588
100	183
100	183
100	282
100	282
100	509
101	113
101	238
101	348
101	348
101	348
101	406
101	534
101	535
101	625
102	156
102	156
102	162
102	162
102	162
102	166
102	166
102	181
102	181
102	266
102	279
102	279
102	279
102	382
102	382
102	449
102	449
102	449
102	449
102	449
102	449
102	449
102	449
102	648
102	648
103	115
103	115
103	168
103	168
103	168
103	222
103	222
103	234
103	234
103	234
103	314
103	314
103	472
103	472
104	168
104	234
104	234
104	287
104	361
104	361
104	415
104	415
104	426
104	426
104	426
104	552
104	552
104	644
104	644
105	124
105	221
105	226
105	226
106	259
106	259
106	355
106	355
106	501
106	501
106	510
106	666
107	126
107	126
107	298
107	546
108	196
108	196
108	240
108	240
108	240
108	240
108	292
108	292
108	357
108	357
108	357
108	387
108	401
108	401
109	298
109	528
109	546
109	546
110	145
110	251
111	173
111	173
111	245
111	245
111	245
111	245
111	245
111	265
111	265
111	281
111	281
111	320
111	320
111	320
111	360
111	360
111	360
111	388
111	388
111	388
111	388
111	444
111	444
111	444
111	455
111	455
111	455
111	484
111	484
111	484
111	484
111	484
111	601
111	601
111	601
111	601
111	659
111	659
111	659
112	116
112	140
112	445
112	454
112	454
113	447
113	602
114	153
114	153
114	153
114	167
114	167
114	189
114	189
114	189
114	189
114	318
114	318
114	318
114	375
114	419
114	419
114	419
114	419
114	500
114	500
114	500
114	523
114	523
114	523
115	118
115	152
115	168
115	168
115	168
115	168
115	168
115	168
115	234
115	234
115	234
115	274
115	299
115	299
115	312
115	312
115	601
116	213
116	213
116	213
116	258
116	258
116	303
116	393
116	393
116	393
116	454
116	454
116	454
116	505
116	521
116	521
116	521
116	628
117	162
117	162
117	182
117	182
117	208
117	208
117	279
117	279
117	382
117	382
118	168
118	168
118	268
118	396
118	398
118	573
118	573
118	573
118	573
118	634
118	634
118	665
118	665
119	144
119	230
119	251
119	251
119	356
119	376
119	473
119	503
119	520
119	533
119	585
120	514
121	313
122	186
122	430
122	515
122	515
123	211
123	469
123	476
123	512
123	586
123	586
123	586
124	199
124	226
124	230
124	300
124	341
124	570
125	206
125	331
125	434
125	487
125	525
125	533
125	533
125	533
125	533
125	533
125	562
125	587
126	280
126	298
126	298
126	298
126	396
126	396
126	546
126	546
128	338
128	338
128	338
128	338
128	366
128	366
128	366
128	429
128	429
128	429
128	431
128	431
128	431
128	431
128	476
128	481
128	481
128	481
128	481
128	532
128	532
128	532
128	535
128	655
128	655
128	655
129	148
129	148
129	184
129	184
129	228
129	228
129	235
129	290
129	290
129	290
129	324
129	324
130	579
131	132
131	250
131	342
131	624
131	627
131	636
131	636
131	640
132	169
132	174
132	174
132	226
132	226
132	226
132	226
132	334
132	433
132	572
132	574
133	294
133	577
134	146
134	146
134	146
134	170
134	170
134	170
134	187
134	187
134	187
134	228
134	330
134	330
134	330
134	524
134	572
135	165
135	165
135	165
135	165
135	215
135	215
135	215
135	347
135	347
135	347
135	370
135	370
135	370
135	370
135	370
135	370
135	376
135	376
135	376
135	376
135	376
135	376
135	379
135	379
135	389
135	389
135	389
135	405
135	405
135	405
135	544
135	544
135	544
135	561
135	561
135	561
135	561
135	561
135	614
135	614
135	614
135	614
135	614
136	555
136	653
137	643
138	148
138	228
138	228
138	301
138	301
138	301
138	301
138	357
138	357
138	502
138	502
138	502
138	538
138	538
139	568
140	169
140	169
140	169
140	230
140	230
140	230
140	251
140	251
140	342
140	575
140	575
140	585
140	585
140	585
141	151
141	151
141	471
141	471
141	506
141	506
142	388
142	444
142	444
142	510
142	510
142	632
142	632
143	199
143	199
143	226
143	250
143	325
143	325
143	325
143	343
143	343
143	351
143	398
143	427
143	427
143	513
143	558
143	558
143	624
143	624
143	624
143	624
143	666
143	666
143	666
143	666
143	666
143	666
145	173
145	173
145	230
145	238
145	252
145	254
145	254
145	271
145	271
145	271
145	271
145	281
145	320
145	378
145	378
145	378
145	378
145	437
145	455
145	464
145	464
145	464
145	464
145	478
145	478
145	478
145	534
145	534
145	548
145	548
145	548
145	548
145	555
145	611
145	615
146	187
146	187
146	187
146	187
146	187
146	187
146	291
146	291
146	337
146	397
146	397
146	397
146	486
146	486
146	486
146	486
146	488
146	488
146	491
146	567
146	567
146	657
147	286
147	586
148	184
148	184
148	240
148	301
148	301
148	301
148	301
148	324
148	324
148	371
148	485
149	163
149	163
149	163
149	235
149	235
149	303
149	334
149	441
149	441
149	533
149	533
149	533
149	619
149	619
150	200
150	200
150	352
150	352
150	352
150	355
150	374
150	374
150	563
150	563
150	563
150	584
150	584
150	612
151	209
151	265
151	265
151	448
151	458
151	471
151	489
152	159
152	159
152	168
152	171
152	171
152	171
152	171
152	188
152	188
152	188
152	262
152	386
152	386
152	396
152	396
152	396
152	396
152	396
152	396
152	593
152	610
152	618
152	618
152	618
152	651
152	651
152	651
152	657
152	657
152	657
152	657
152	657
152	657
152	657
153	216
153	216
153	216
153	218
153	218
153	218
153	242
153	318
153	318
153	318
153	318
153	416
153	416
153	434
153	434
153	434
153	500
153	500
153	500
153	500
153	500
153	523
153	523
153	523
153	523
153	523
154	220
154	257
155	527
156	157
156	157
156	432
156	432
156	449
156	449
156	449
156	449
156	473
156	473
156	473
156	473
156	499
156	499
156	537
156	537
156	537
156	537
156	571
156	571
156	571
157	195
157	195
157	195
157	197
157	279
157	295
157	295
157	295
157	453
157	453
157	453
157	473
157	473
157	473
157	473
157	473
157	473
157	527
157	527
157	571
157	571
157	571
157	571
157	607
158	159
158	184
158	228
158	228
158	301
158	301
158	301
158	324
159	182
159	198
159	227
159	263
159	263
159	367
159	396
159	396
159	451
159	451
159	464
159	464
159	464
159	657
159	657
159	657
160	206
160	293
160	293
160	403
160	403
160	403
160	462
160	462
160	487
160	487
161	229
161	440
161	440
161	493
162	279
162	279
162	279
162	328
162	356
162	356
162	356
162	356
162	382
162	382
162	382
163	204
163	235
163	235
163	403
163	403
163	441
163	441
163	533
163	533
163	574
164	166
164	387
164	392
164	417
164	473
165	370
165	370
165	370
165	370
165	370
165	376
165	376
165	376
165	376
165	376
165	389
165	389
165	389
165	529
165	529
165	529
165	614
165	614
165	614
165	614
165	614
165	617
165	617
165	617
165	617
165	646
165	646
165	646
165	646
166	185
166	185
166	185
166	208
166	208
166	208
166	328
166	328
166	328
166	356
166	356
166	411
166	411
166	432
166	445
166	449
166	449
166	449
166	539
166	605
166	644
167	189
167	189
167	189
167	189
167	189
167	189
167	189
167	216
167	216
167	216
167	218
167	218
167	218
167	242
167	242
167	248
167	248
167	273
167	273
167	273
167	273
167	273
167	416
167	416
167	416
167	419
167	419
167	419
167	434
167	434
167	434
167	531
167	531
167	531
167	531
167	531
167	531
167	531
168	180
168	274
168	283
168	283
168	299
168	299
168	299
168	299
168	312
168	312
168	312
168	312
168	314
168	352
168	472
168	472
168	472
168	573
168	573
169	175
169	227
169	230
169	230
169	230
169	254
169	254
169	311
169	311
169	341
169	341
169	341
169	341
169	342
169	342
169	342
169	437
169	465
169	478
169	478
169	512
169	555
169	573
169	573
169	573
169	585
169	585
169	630
169	630
170	187
170	187
170	187
170	187
170	187
170	187
170	187
170	187
170	187
170	187
170	187
170	187
170	190
170	190
170	190
170	212
170	212
170	212
170	240
170	240
170	240
170	240
170	240
170	244
170	291
170	291
170	291
170	357
170	357
170	357
170	357
170	397
170	397
170	397
170	460
170	460
170	486
170	486
170	486
170	488
170	488
170	502
170	502
170	502
170	530
170	545
170	545
170	567
170	567
171	262
171	262
171	367
171	367
171	367
171	396
171	514
171	657
171	657
171	657
171	657
172	173
172	185
172	350
172	420
172	464
172	464
172	589
172	671
173	198
173	198
173	320
173	320
173	320
173	320
173	320
173	362
173	362
173	464
173	464
173	538
173	562
173	601
173	601
173	638
173	638
173	638
174	206
174	219
174	226
174	226
174	372
174	392
174	412
174	467
174	525
174	572
175	176
175	193
175	193
175	193
175	251
175	342
175	342
175	342
175	464
175	464
175	514
175	575
176	181
176	181
176	182
176	182
176	185
176	185
176	185
176	188
176	188
176	266
176	279
176	279
176	285
176	317
176	367
176	367
176	449
176	449
176	449
176	449
176	449
176	449
176	553
176	654
177	178
177	197
177	197
177	201
177	201
177	340
177	340
177	340
177	340
177	340
177	390
177	427
177	427
177	427
177	427
177	428
177	459
177	459
177	459
177	470
177	470
177	470
177	470
177	508
177	508
177	508
177	553
177	553
177	635
177	635
178	340
178	599
179	414
179	563
179	591
179	591
180	206
180	237
180	237
180	237
180	237
180	237
180	272
180	414
180	422
180	435
180	563
180	614
180	645
180	651
181	188
181	188
181	208
181	208
181	449
181	449
181	449
181	503
182	185
182	185
182	185
182	208
182	208
182	208
182	257
182	328
182	328
182	356
182	356
182	356
182	356
182	382
182	382
182	382
182	449
182	449
182	449
182	449
182	449
182	648
182	648
183	241
183	241
183	241
183	241
183	282
183	282
183	282
183	311
183	311
183	311
183	311
183	417
183	417
183	417
183	450
183	509
183	509
183	509
183	524
183	524
183	565
183	626
183	647
183	647
184	194
184	290
184	290
184	301
184	301
184	301
184	301
184	301
184	313
184	545
184	661
185	208
185	208
185	208
185	208
185	279
185	279
185	279
185	279
185	356
185	356
185	356
185	356
185	411
185	411
185	589
186	285
186	285
186	515
186	515
187	190
187	190
187	190
187	190
187	190
187	240
187	257
187	257
187	257
187	257
187	291
187	291
187	301
187	301
187	301
187	301
187	324
187	330
187	330
187	330
187	330
187	330
187	330
187	330
187	330
187	332
187	332
187	371
187	371
187	371
187	371
187	371
187	371
187	397
187	397
187	397
187	397
187	397
187	397
187	397
187	404
187	404
187	404
187	404
187	404
187	460
187	460
187	460
187	460
187	485
187	485
187	486
187	486
187	486
187	486
187	486
187	486
187	488
187	488
187	488
187	488
187	488
187	545
187	545
187	545
187	567
187	567
187	567
188	202
188	263
188	263
188	278
188	367
188	367
188	367
188	367
188	396
188	396
188	448
188	514
188	589
188	589
188	589
188	657
188	657
188	657
188	657
189	216
189	216
189	216
189	216
189	218
189	218
189	218
189	218
189	242
189	248
189	248
189	248
189	248
189	318
189	318
189	318
189	318
189	318
189	416
189	416
189	416
189	434
189	434
189	434
189	434
189	500
189	500
189	500
189	500
189	500
189	500
189	523
189	523
189	523
189	523
189	523
189	523
190	330
190	330
190	330
190	337
190	404
190	404
190	404
190	485
190	485
190	506
191	378
191	437
192	546
192	593
193	251
193	317
193	317
193	339
193	339
193	342
193	381
193	418
193	490
193	490
193	516
193	516
193	575
194	337
195	537
195	537
195	571
195	571
195	571
195	607
196	220
196	220
196	231
196	231
196	231
196	231
196	231
196	357
196	357
196	357
196	357
196	401
196	401
196	401
196	482
196	482
196	482
196	502
196	502
196	502
196	513
196	513
196	513
196	513
196	513
196	588
196	588
196	588
196	588
196	588
196	608
196	608
196	608
197	408
197	508
197	508
197	517
197	517
197	517
197	538
197	553
197	553
197	553
198	234
198	245
198	245
198	296
198	296
198	296
198	320
198	320
198	343
198	343
198	388
198	388
198	388
198	455
198	455
198	502
198	502
198	538
198	538
198	538
198	538
198	541
198	608
198	608
198	630
198	632
198	632
198	632
198	632
198	647
198	647
198	647
198	659
198	659
198	659
198	664
199	276
199	276
199	355
199	355
199	391
199	402
199	427
199	427
199	427
199	427
199	470
199	470
199	470
199	470
199	470
199	470
199	508
199	508
199	508
199	534
199	534
199	534
199	553
199	624
199	635
199	635
200	352
200	352
200	563
200	563
200	591
200	591
201	340
201	340
201	340
201	470
201	470
201	470
201	517
201	517
202	490
202	516
202	546
203	235
204	418
204	651
205	410
205	598
206	207
206	305
206	380
206	403
206	403
206	403
206	403
206	403
206	403
206	403
206	533
206	533
206	533
206	566
206	645
207	249
207	293
207	403
207	403
208	234
208	279
208	279
208	279
208	279
208	449
208	449
208	449
208	449
208	449
208	630
209	366
209	457
209	506
209	546
210	437
211	493
211	586
212	220
212	247
212	250
212	254
212	291
212	291
212	291
212	292
212	292
212	292
212	292
212	292
212	311
212	357
212	357
212	357
212	433
212	502
212	502
212	502
212	513
212	513
212	513
212	513
212	588
212	588
212	588
212	608
212	608
212	608
212	608
212	630
213	245
213	260
213	260
213	383
213	383
213	383
213	384
213	384
213	384
213	393
213	393
213	393
213	393
213	393
213	393
213	424
213	424
213	445
213	445
213	445
213	450
213	465
213	521
213	521
213	521
213	521
213	521
213	521
214	215
214	482
215	223
215	223
215	223
215	264
215	264
215	327
215	327
215	370
215	370
215	370
215	370
215	370
215	376
215	376
215	376
215	376
215	376
215	614
215	614
215	614
215	614
215	617
215	617
215	617
216	273
216	273
216	273
216	273
216	318
216	318
216	318
216	318
216	500
216	500
216	500
216	500
216	523
216	523
216	523
216	523
216	531
216	531
216	531
216	531
216	551
217	440
217	493
218	273
218	273
218	273
218	273
218	318
218	318
218	318
218	318
218	500
218	500
218	500
218	500
218	523
218	523
218	523
218	523
218	531
218	531
218	531
218	531
219	275
219	392
219	428
219	428
219	492
219	570
220	231
220	231
220	240
220	240
220	257
220	513
220	513
220	513
221	282
221	282
221	311
221	524
221	524
221	564
222	225
222	234
222	234
222	234
222	234
222	283
222	283
222	299
222	299
222	299
222	312
222	312
222	312
222	472
222	472
222	472
222	472
222	472
222	498
222	498
223	264
223	264
223	264
223	264
223	370
223	370
223	370
223	370
223	376
223	376
223	376
223	376
223	379
223	379
223	544
223	544
223	544
223	561
223	561
223	561
223	561
224	371
225	472
226	245
226	264
226	334
226	403
226	433
226	433
226	487
226	562
226	574
226	624
227	451
227	451
227	502
228	290
228	290
228	290
228	301
228	301
228	301
228	301
228	301
228	301
228	313
228	397
228	397
228	438
228	486
228	488
228	537
229	421
229	421
229	440
229	440
229	557
229	557
229	620
230	251
230	251
230	251
230	251
230	341
230	341
230	341
230	341
230	395
230	467
230	478
230	478
230	478
230	478
230	575
230	575
230	663
231	240
231	240
231	240
231	240
231	240
231	240
231	267
231	267
231	330
231	357
231	357
231	357
231	387
231	387
231	401
231	401
231	502
231	502
231	502
231	537
231	588
231	588
231	650
232	580
233	267
233	267
233	267
233	267
233	291
233	291
233	292
233	292
233	292
233	357
233	357
233	357
233	387
233	482
233	482
233	482
233	502
233	502
233	502
233	581
233	581
233	608
233	608
233	608
234	255
234	255
234	255
234	255
234	299
234	299
234	299
234	299
234	299
234	312
234	312
234	312
234	312
234	312
234	312
234	314
234	314
234	314
234	314
234	407
234	407
234	407
234	407
234	415
234	415
234	415
234	415
234	415
234	498
234	498
234	498
234	498
234	498
234	498
234	547
234	604
234	604
234	604
234	622
234	622
234	630
234	630
235	293
235	293
235	360
235	403
235	403
235	403
235	462
235	462
235	462
235	487
235	487
237	272
237	272
237	414
237	414
237	422
237	435
237	563
237	563
237	591
237	591
237	591
238	348
239	268
239	394
239	394
239	634
240	259
240	292
240	292
240	292
240	292
240	357
240	357
240	357
240	357
240	357
240	387
240	387
240	401
240	401
240	401
240	482
240	482
240	482
240	502
240	502
240	502
240	502
240	508
240	513
240	513
240	513
240	513
240	513
240	513
240	588
240	588
240	588
240	588
240	603
240	608
240	608
240	608
240	608
241	417
241	417
241	509
241	509
241	526
241	559
241	559
241	626
241	647
241	647
242	531
243	347
243	410
243	495
243	495
243	641
244	611
244	645
245	281
245	281
245	281
245	362
245	362
245	362
245	362
245	362
245	362
245	388
245	388
245	388
245	388
245	444
245	444
245	444
245	446
245	446
245	446
245	455
245	455
245	455
245	455
245	455
245	638
245	638
245	638
245	638
245	638
246	554
248	318
248	318
248	500
248	500
248	523
248	523
248	531
248	531
248	531
248	531
249	305
249	487
249	539
250	285
250	341
250	666
250	666
251	341
251	341
251	341
251	341
251	437
251	438
251	478
251	478
251	534
251	585
251	585
251	585
251	610
253	254
253	254
253	311
253	311
253	329
253	347
253	347
253	347
253	359
253	573
253	573
253	573
253	622
253	625
253	630
253	630
253	641
253	641
253	646
253	652
253	652
253	652
254	328
254	382
254	382
254	451
254	451
254	451
254	464
254	464
254	464
254	510
254	510
254	528
254	573
254	573
254	573
255	283
255	283
255	407
255	407
255	407
255	472
255	472
255	472
255	472
255	498
255	498
255	604
255	604
256	300
256	300
256	483
256	518
256	518
256	633
256	633
256	656
256	656
256	656
257	330
257	330
257	330
257	357
257	371
257	404
257	404
257	404
258	259
258	260
258	260
258	260
258	383
258	383
258	384
258	384
258	384
258	393
258	393
258	393
258	393
258	393
258	393
258	424
258	424
258	431
258	445
258	445
258	521
258	521
258	521
258	521
258	521
258	521
259	260
259	271
259	382
259	499
259	499
259	501
259	662
259	662
260	393
260	393
260	393
260	437
260	454
260	454
260	521
260	521
260	521
260	522
261	519
262	367
262	367
262	418
263	418
263	418
263	464
263	464
263	464
263	490
263	618
263	651
263	651
264	389
264	389
264	405
264	405
264	405
264	544
264	544
264	561
264	561
264	561
264	614
264	614
264	614
265	360
265	420
265	420
265	489
265	489
265	489
265	506
265	506
265	606
266	277
266	328
266	328
266	411
266	449
266	449
266	449
267	291
267	291
267	296
267	482
267	482
267	482
267	502
267	502
267	502
267	513
267	513
267	536
268	394
268	394
268	573
268	573
269	321
269	492
269	533
269	619
269	666
270	352
270	414
270	591
270	591
271	274
271	378
271	378
271	378
271	421
271	421
271	444
271	451
271	451
271	451
271	455
271	455
271	464
271	464
271	515
271	662
272	352
272	448
272	591
272	591
273	318
273	318
273	318
273	318
273	356
273	416
273	416
273	416
273	419
273	419
273	419
273	419
273	419
273	434
273	434
273	434
273	434
273	434
273	500
273	500
273	500
273	500
273	500
273	523
273	523
273	523
273	523
273	523
273	595
273	595
274	341
274	421
274	421
274	421
274	440
274	467
274	557
274	557
274	620
275	428
276	340
276	340
276	470
276	470
276	470
276	470
276	501
276	517
276	517
276	517
276	534
276	534
276	534
276	606
276	606
276	606
276	606
276	629
277	382
278	280
278	280
278	298
278	298
278	339
278	367
278	367
278	367
278	423
278	436
278	496
278	496
278	616
278	616
279	356
279	356
279	432
279	449
279	449
279	449
279	449
279	449
279	473
279	473
279	473
280	310
280	402
280	496
280	528
280	555
280	590
280	593
280	593
280	616
280	616
280	616
281	328
281	360
281	360
281	362
281	534
281	557
281	638
281	638
282	349
282	367
282	367
282	377
282	377
282	377
282	456
282	524
282	524
282	559
282	564
282	564
282	564
282	565
282	565
282	565
282	565
282	657
283	299
283	299
283	299
283	299
283	312
283	312
283	312
283	312
283	312
283	407
283	407
283	407
283	407
283	415
283	415
283	622
284	591
285	343
285	355
285	510
285	515
288	336
288	358
288	358
288	421
288	421
290	301
290	301
290	301
290	324
290	324
290	330
290	537
291	292
291	292
291	292
291	292
291	292
291	292
291	520
291	588
291	588
292	513
292	513
292	520
292	608
292	608
292	608
292	608
293	403
293	403
293	403
293	403
293	441
293	462
293	462
294	323
295	449
295	473
295	473
295	473
295	473
295	527
295	537
295	537
295	571
295	571
295	571
296	444
296	446
296	446
296	446
296	519
296	547
296	549
296	549
296	549
296	632
296	632
296	632
296	632
296	659
296	659
297	646
298	367
298	367
298	377
298	396
298	524
298	590
298	657
299	407
299	407
299	407
299	453
299	472
299	472
299	472
299	472
299	481
299	643
300	426
300	518
300	518
300	614
300	633
301	313
301	313
301	313
301	324
301	324
301	324
301	324
301	324
301	324
301	379
301	397
301	397
301	397
301	460
301	502
301	502
301	639
302	502
303	505
304	418
305	403
305	403
305	487
305	487
306	307
306	307
306	359
306	359
306	412
306	438
306	438
306	605
306	623
306	623
306	628
307	438
308	309
309	425
309	543
311	349
311	349
311	377
311	417
311	417
311	446
311	451
311	451
311	490
311	509
311	524
311	524
311	559
311	559
311	573
311	573
311	573
311	647
311	647
311	647
312	404
312	407
312	407
312	407
312	472
312	472
312	472
312	472
312	552
312	622
312	622
312	643
313	324
314	498
314	604
315	364
315	364
315	413
315	413
315	522
315	522
315	542
315	600
316	332
317	367
317	367
317	367
317	367
317	367
317	396
317	396
317	418
317	418
317	418
317	418
317	651
317	651
317	651
317	657
317	657
318	419
318	419
318	419
318	434
318	434
318	434
318	434
318	531
318	531
318	531
318	531
318	531
319	484
320	362
320	362
320	444
320	444
320	444
320	446
320	581
320	638
320	638
320	659
320	659
320	659
321	395
321	444
322	335
322	335
322	343
322	351
322	351
322	351
322	497
322	497
322	519
322	519
322	636
322	636
322	636
322	636
325	363
325	363
325	558
325	558
325	560
325	560
326	576
327	370
327	370
327	376
327	376
327	389
327	405
327	483
327	646
327	646
327	646
327	646
328	356
328	356
328	356
328	411
328	411
328	411
328	449
328	449
328	449
328	449
328	449
329	384
329	531
330	397
330	397
330	397
330	451
330	486
330	486
330	486
330	488
330	488
330	530
330	545
330	545
330	585
331	378
331	533
332	404
333	631
334	428
334	533
335	351
335	636
336	358
336	358
336	447
336	469
336	469
336	586
337	371
337	486
337	486
337	506
338	366
338	366
338	429
338	429
338	429
338	532
338	532
338	639
338	639
338	639
338	639
338	655
338	655
338	655
339	367
339	367
339	367
339	490
339	490
339	490
339	516
339	516
340	390
340	427
340	427
340	427
340	459
340	459
340	504
340	517
340	517
340	517
340	517
340	606
340	606
340	606
341	437
341	437
341	585
341	585
342	411
342	464
342	464
342	464
342	499
342	555
343	380
343	403
343	533
343	538
343	647
343	666
344	512
344	586
345	453
345	587
346	400
346	413
346	468
346	468
346	474
347	370
347	370
347	370
347	370
347	370
347	376
347	376
347	376
347	376
347	376
347	393
347	495
347	495
347	529
347	529
347	529
347	614
347	614
347	614
347	614
347	614
347	617
347	617
347	617
347	646
347	646
347	646
347	646
347	652
347	652
347	652
347	667
348	535
349	377
349	377
349	450
349	647
350	367
350	402
350	417
350	670
351	497
351	519
351	560
352	374
352	374
352	573
352	573
352	584
352	584
352	591
352	591
352	591
352	591
352	591
352	591
352	591
354	510
355	390
355	470
355	470
355	470
355	501
355	501
355	501
355	508
355	508
355	508
355	606
355	606
355	606
356	382
356	382
356	382
356	534
356	648
356	654
357	482
357	482
357	482
357	482
357	538
357	538
357	538
357	565
357	608
357	608
357	608
357	608
357	608
357	650
357	650
358	421
358	421
358	469
358	512
358	557
358	575
359	367
359	412
359	628
359	652
360	484
360	484
360	638
360	638
361	426
361	426
362	388
362	388
362	388
362	444
362	444
362	444
362	444
362	444
362	455
362	455
362	455
362	484
362	484
362	484
362	484
362	484
362	541
362	541
362	549
362	549
362	632
362	632
362	632
362	632
363	560
364	413
364	413
364	468
364	468
364	477
364	542
364	542
364	668
365	397
365	545
366	431
366	431
366	481
366	481
366	639
366	639
366	639
367	386
367	386
367	402
367	402
367	418
367	418
367	418
367	490
367	516
367	516
367	516
367	546
367	618
367	618
367	651
367	651
367	657
367	657
367	657
367	657
367	657
367	657
367	657
367	657
367	657
367	657
367	657
368	597
370	529
370	529
370	529
370	544
370	544
370	544
370	544
370	561
370	561
370	561
370	561
370	561
370	617
370	617
370	617
370	617
370	617
370	617
370	646
370	646
370	646
370	646
370	646
370	646
371	397
371	460
371	460
371	485
371	485
371	485
371	486
371	486
371	567
372	533
372	667
373	451
373	589
373	634
373	652
374	563
374	563
374	591
374	591
376	520
376	529
376	529
376	529
376	544
376	544
376	544
376	544
376	561
376	561
376	561
376	561
376	561
376	617
376	617
376	617
376	617
376	617
376	617
376	646
376	646
376	646
376	646
376	646
376	646
377	385
377	506
377	564
377	564
377	565
377	601
378	421
378	437
378	437
378	437
378	548
378	569
378	615
379	502
379	561
379	561
379	561
379	561
379	646
379	646
380	492
381	473
382	411
382	436
382	449
382	449
382	449
382	449
382	449
382	490
382	490
382	528
382	528
382	639
382	654
382	654
383	393
383	393
383	393
383	424
383	424
383	424
383	454
383	454
384	393
384	393
384	393
384	393
384	454
384	454
384	509
384	521
384	521
384	521
384	521
384	531
384	531
384	531
384	577
384	641
385	564
385	592
386	491
386	514
386	651
386	651
386	651
386	657
386	657
386	657
386	657
388	446
388	446
388	446
388	446
388	484
388	484
388	484
388	601
388	632
388	632
388	632
388	632
388	659
388	659
388	659
389	561
389	561
389	561
389	561
389	561
389	591
389	617
389	617
389	617
389	646
389	646
389	646
389	646
393	445
393	445
393	445
393	445
393	445
393	449
393	454
393	454
393	454
393	454
393	454
393	454
393	461
393	652
393	658
394	573
394	573
394	634
394	634
394	634
394	665
395	401
396	418
396	418
396	418
396	418
396	464
396	464
396	464
396	490
396	589
396	589
396	589
396	618
396	651
396	651
396	651
396	651
397	404
397	404
397	404
398	666
399	535
399	568
399	594
401	434
401	513
401	513
401	533
401	602
401	669
402	470
403	472
403	487
403	487
403	487
403	487
403	487
403	487
403	487
403	533
403	533
403	533
403	533
403	566
404	486
404	486
404	486
405	544
405	544
405	544
405	544
405	614
405	614
405	614
405	614
405	614
405	617
405	617
405	617
405	646
405	646
405	646
405	646
407	415
407	415
407	472
407	472
407	472
407	582
408	553
409	666
410	598
411	464
411	637
412	505
412	521
412	658
413	468
413	468
413	468
413	522
413	522
413	537
414	591
414	591
414	591
414	591
415	498
415	552
415	604
416	500
416	500
416	500
416	500
416	523
416	523
416	523
416	523
416	531
416	531
416	531
417	450
417	559
417	559
418	464
418	464
418	589
418	589
419	500
419	500
419	500
419	523
419	523
419	523
419	531
419	531
419	531
419	531
419	531
419	595
419	595
420	458
420	489
420	629
420	671
420	671
421	557
421	557
421	557
421	557
421	620
421	620
423	466
423	546
424	454
424	454
424	461
424	521
424	521
424	521
424	658
425	598
426	518
426	518
426	644
426	644
426	656
427	428
427	470
427	470
427	470
427	470
427	517
427	517
427	517
427	517
427	520
427	534
427	534
427	534
427	553
427	553
427	553
427	553
427	606
427	606
427	606
427	606
427	666
428	570
429	431
429	431
429	431
429	479
429	481
429	481
429	639
429	639
429	639
430	515
431	532
431	532
431	639
431	639
431	639
431	639
431	655
431	655
431	655
431	655
432	441
432	537
432	537
432	649
434	500
434	500
434	500
434	500
434	523
434	523
434	523
434	523
434	531
434	531
434	531
434	531
434	531
434	595
434	595
435	540
437	569
438	623
439	552
440	455
440	471
440	493
440	493
440	493
440	493
440	557
440	557
440	557
440	621
441	574
441	619
444	484
444	484
444	484
444	538
444	541
444	541
444	546
444	632
444	632
444	632
444	632
444	632
444	638
444	638
444	638
444	638
444	638
445	454
445	454
445	454
445	465
445	475
445	505
445	521
445	521
445	521
445	521
445	658
446	455
446	455
446	455
446	484
446	484
446	484
446	502
446	538
446	538
446	541
446	632
446	632
446	632
446	632
446	659
446	659
446	659
446	659
447	602
448	506
449	453
449	473
449	473
449	473
449	473
449	473
449	499
449	587
449	648
449	648
449	648
449	654
449	654
451	464
451	464
451	464
451	515
451	573
451	573
451	573
451	630
451	630
452	575
452	610
453	473
453	473
453	473
453	473
453	527
453	537
453	537
453	571
453	571
453	571
453	613
453	667
454	521
454	521
454	521
454	521
454	521
454	521
455	484
455	484
455	484
455	484
455	537
455	545
455	557
455	601
455	601
455	632
455	632
455	632
455	632
455	638
455	638
455	638
455	638
456	564
457	471
457	489
458	506
459	470
459	470
459	508
459	508
459	534
462	487
462	487
462	487
462	525
462	533
462	533
462	533
462	533
462	576
462	587
463	490
464	548
464	548
464	651
464	651
464	651
466	496
468	522
468	630
468	666
469	586
469	586
470	501
470	501
470	501
470	501
470	517
470	517
470	517
470	606
470	606
470	606
470	606
470	606
470	635
470	635
470	635
470	635
470	635
470	657
471	506
471	580
472	498
472	498
472	604
473	537
473	537
473	537
473	537
477	542
478	575
478	575
478	662
480	498
481	532
481	532
481	639
481	639
481	639
481	639
481	655
481	655
482	513
482	513
482	513
482	513
482	581
482	581
482	581
483	656
484	638
484	638
484	638
484	638
484	638
486	534
486	589
487	533
487	533
487	533
488	506
489	506
490	655
491	636
491	657
491	657
493	621
495	641
495	641
495	652
495	652
497	636
497	636
497	636
498	622
499	662
500	531
500	531
500	531
500	531
500	531
500	531
501	508
501	508
501	508
501	635
501	635
502	513
502	513
502	513
502	513
502	513
502	538
502	538
502	538
502	581
502	581
502	608
502	608
502	608
502	608
502	608
503	507
503	533
504	517
505	550
505	663
508	517
508	606
508	606
508	606
508	635
508	635
508	635
508	635
509	526
509	531
510	630
511	630
512	586
512	586
513	581
513	581
513	588
513	588
513	588
514	657
514	657
514	657
515	521
516	657
517	534
517	534
517	538
517	553
517	553
518	656
518	656
519	549
519	636
520	609
521	550
523	531
523	531
523	531
523	531
523	531
523	531
524	651
525	533
525	533
528	546
528	593
529	614
529	614
529	614
529	644
531	577
531	595
531	595
532	639
532	639
532	639
533	587
533	587
534	548
534	606
534	606
534	606
535	536
536	549
537	571
537	571
537	571
537	571
537	574
538	565
538	632
538	632
538	632
539	605
539	636
541	638
541	638
544	617
544	617
544	617
544	646
544	646
544	646
545	574
546	657
549	632
549	632
549	632
549	638
549	638
552	573
552	630
553	606
554	578
554	580
556	577
558	560
558	636
559	565
559	647
559	647
561	614
561	614
561	614
561	614
561	614
561	617
561	617
561	617
561	617
561	646
561	646
561	646
561	646
561	646
563	584
563	584
563	591
563	591
563	591
563	591
563	591
568	582
573	630
573	630
573	630
573	630
573	634
573	634
573	661
575	585
575	610
578	580
578	580
578	583
579	583
580	583
581	642
582	630
584	591
584	591
588	608
588	608
588	608
589	651
589	651
590	616
590	616
593	616
593	657
597	625
601	638
601	638
601	638
606	629
606	635
606	635
608	647
608	650
610	651
611	645
611	666
614	617
614	617
614	617
614	617
614	617
614	646
614	646
614	646
614	646
618	657
618	657
624	636
624	666
629	671
631	663
632	638
632	638
632	638
633	656
634	652
634	665
634	665
639	655
639	655
639	655
641	652
641	652
645	671
647	664
660	666
