99	170	545
64	267	291
96	251	534
87	173	362
77	131	636
169	230	478
15	58	301
455	601	638
132	226	574
344	512	586
6	54	213
362	388	484
445	454	521
167	419	531
116	303	505
117	182	382
212	291	292
41	152	188
7	41	317
92	301	324
129	290	324
152	188	657
9	399	535
135	165	614
140	169	585
196	231	401
4	89	499
73	176	185
171	514	657
170	187	545
41	188	589
89	464	651
163	235	403
58	404	486
73	185	208
223	376	561
446	455	632
114	189	523
99	134	330
132	226	334
91	94	379
114	419	523
25	212	250
273	318	419
233	291	292
41	367	402
317	367	651
29	362	484
176	188	367
66	99	488
367	618	657
176	181	449
135	561	614
111	245	281
176	182	449
153	434	523
165	376	529
168	283	299
218	523	531
197	517	553
234	255	407
187	190	485
79	212	292
126	298	396
105	124	226
274	440	557
111	245	455
378	437	569
7	41	402
140	230	575
239	394	634
145	534	548
38	145	478
68	145	254
177	459	508
15	187	330
162	279	356
177	459	470
179	414	591
79	233	357
157	453	473
15	99	170
50	168	312
1	459	534
74	291	292
60	141	506
233	482	581
30	58	92
254	451	573
168	352	573
253	641	652
15	58	361
87	245	362
195	537	571
215	614	617
273	416	523
96	271	444
143	226	624
57	102	166
240	502	513
196	231	502
152	618	657
187	332	404
148	371	485
265	489	506
306	359	412
169	175	342
234	415	498
388	446	632
138	148	301
25	105	226
122	430	515
91	135	370
25	372	533
327	405	646
117	162	279
91	264	389
42	54	393
552	573	630
18	198	296
31	380	492
142	444	632
54	213	393
128	431	655
114	153	500
57	63	473
157	195	607
264	389	561
14	293	403
37	68	292
99	170	190
103	222	472
54	258	393
143	427	666
64	267	482
129	148	324
215	223	370
30	187	397
295	537	571
167	248	531
196	220	231
6	213	383
158	184	301
115	168	312
52	106	355
191	378	437
234	255	604
167	216	273
116	454	521
109	528	546
189	216	500
444	632	638
58	361	426
554	578	580
117	208	279
264	405	614
157	295	473
116	258	393
34	283	312
240	502	608
23	89	464
256	483	656
231	240	401
146	187	488
149	334	533
58	68	170
189	434	500
58	134	330
165	389	617
159	227	451
187	330	545
84	104	426
14	403	487
235	293	403
114	167	189
87	484	638
49	279	449
71	77	245
57	453	571
52	68	254
340	504	517
168	312	472
99	146	291
39	118	573
60	151	458
157	295	527
177	178	340
183	311	417
196	357	482
357	538	565
264	561	614
34	299	472
99	148	240
201	470	517
440	455	557
376	544	646
140	230	251
376	544	617
64	231	387
396	418	589
42	384	393
170	187	488
107	126	546
258	393	445
62	169	341
128	338	532
273	434	595
347	376	646
340	427	517
152	593	657
167	242	531
64	79	267
63	413	537
212	291	588
282	377	564
140	575	585
89	342	464
29	111	601
167	189	218
58	301	397
15	30	187
68	357	482
481	639	655
187	371	567
153	216	523
99	291	292
48	181	188
15	271	451
444	538	632
62	251	478
8	196	588
49	73	185
49	382	449
22	95	625
282	377	565
116	213	521
15	30	99
163	441	574
165	370	529
176	185	279
446	502	538
427	553	606
34	234	314
91	135	379
116	258	521
91	135	389
198	245	455
156	432	537
306	359	628
208	234	630
199	276	470
99	134	146
101	238	348
84	250	285
52	451	630
222	312	472
222	283	312
183	282	565
49	328	449
166	539	605
200	352	591
282	456	564
206	403	566
44	497	636
91	370	617
198	502	538
502	513	581
358	421	557
128	366	481
243	347	495
44	143	325
123	211	586
163	403	533
83	470	635
1	508	606
201	340	517
245	281	638
193	317	418
222	283	299
111	320	444
355	508	606
234	314	498
152	159	657
7	41	618
169	311	573
199	427	470
187	190	404
184	290	301
135	347	370
104	415	552
52	77	636
215	264	614
91	223	379
48	263	418
94	370	561
274	421	620
168	283	312
156	449	499
77	558	636
561	614	617
444	541	638
95	328	449
347	614	646
134	187	330
42	54	521
99	330	545
42	412	505
1	199	508
97	346	474
64	231	267
296	549	632
189	416	523
7	590	616
7	126	546
165	376	646
60	209	457
170	187	567
296	444	632
62	478	575
135	389	561
222	234	498
9	399	594
60	111	265
255	407	472
16	536	549
338	639	655
22	94	614
85	315	522
222	225	472
154	220	257
264	405	544
58	84	426
311	451	573
64	292	608
99	146	488
183	241	647
58	170	486
5	257	357
376	561	646
104	426	644
7	278	298
114	419	500
73	102	162
182	328	356
175	193	342
12	13	471
388	446	484
215	223	264
145	271	464
99	170	397
245	362	388
111	173	601
92	228	301
260	393	454
383	424	454
183	417	450
338	429	639
153	216	500
12	462	533
396	464	651
95	382	449
57	279	473
91	223	264
30	228	488
138	301	502
135	165	370
48	93	418
7	278	423
63	449	473
52	253	311
44	77	143
253	254	573
99	257	330
272	352	591
189	416	500
96	142	444
149	163	235
176	279	449
403	487	533
233	267	482
150	200	563
57	119	473
150	352	584
132	174	226
173	320	638
196	357	608
16	296	549
273	434	500
434	531	595
248	523	531
39	118	665
94	561	614
198	455	632
104	234	415
41	188	367
156	157	571
52	84	325
271	274	421
29	245	362
25	174	226
58	170	397
135	370	561
173	198	538
336	469	586
34	255	472
48	93	126
166	208	449
95	449	648
362	455	484
253	347	646
187	371	460
52	84	285
64	79	292
118	168	573
118	573	634
322	497	636
234	312	622
90	306	605
231	240	357
306	307	438
91	405	646
58	257	404
188	514	657
481	532	639
183	241	417
301	313	324
233	502	581
87	362	541
347	495	652
157	195	571
1	459	508
166	328	411
234	312	407
239	268	394
153	218	500
122	186	515
249	305	487
453	537	571
52	285	355
206	403	533
103	168	472
187	330	488
52	106	259
29	111	659
53	91	94
230	478	575
145	281	534
25	212	433
198	343	538
125	525	533
196	401	513
283	312	407
62	251	341
52	68	311
170	187	291
115	152	168
166	328	449
129	228	290
198	388	659
317	367	418
22	253	347
271	451	515
216	273	318
198	343	647
22	347	614
153	318	434
32	60	448
223	264	561
128	429	481
267	502	513
169	341	437
108	240	357
7	48	126
91	94	376
87	549	638
429	431	639
38	145	252
94	215	376
350	367	402
107	126	298
80	288	421
99	330	486
199	470	635
99	330	397
34	234	312
376	561	617
91	94	405
5	170	357
118	268	573
271	378	421
278	280	496
352	374	591
108	240	292
320	444	638
182	185	356
198	234	630
298	367	657
47	338	429
240	357	482
282	349	377
444	484	638
93	367	418
80	421	557
60	141	151
218	273	523
248	318	531
187	371	485
226	403	487
57	102	156
245	362	455
30	187	488
256	300	518
7	48	402
99	196	588
134	170	187
102	266	449
165	376	617
57	181	208
156	473	537
149	441	619
91	376	646
167	189	242
245	446	455
282	367	657
426	518	656
370	544	646
15	66	99
7	27	590
148	184	301
15	99	330
94	405	614
384	393	454
253	573	630
291	292	520
57	453	473
283	407	415
165	614	646
57	295	473
177	508	635
370	561	617
237	272	591
233	267	291
167	216	531
260	454	521
215	376	617
212	220	513
53	94	115
87	362	549
71	77	640
434	500	531
73	185	356
389	561	617
30	187	460
362	388	632
159	367	657
99	170	567
52	68	142
78	193	490
223	379	561
48	159	657
135	215	376
99	170	486
152	396	618
94	376	529
30	58	397
15	99	148
71	143	343
273	419	595
208	279	449
128	366	431
295	449	473
28	403	487
145	378	615
394	573	634
420	629	671
199	402	470
49	57	279
115	168	274
182	382	449
1	340	459
41	367	618
94	215	614
143	343	666
413	468	522
396	418	464
278	298	367
213	445	521
196	513	588
58	190	404
10	440	493
95	254	328
41	171	367
245	455	638
167	189	216
336	358	469
111	265	360
98	100	282
47	431	655
199	427	534
228	301	397
273	419	523
199	427	553
46	47	428
125	533	587
66	187	488
15	58	644
198	296	632
180	237	414
183	311	647
427	517	553
128	429	431
229	421	620
169	573	630
111	455	484
255	283	407
424	454	521
276	340	606
561	614	646
49	164	387
427	517	534
233	292	608
29	484	638
229	440	557
185	279	356
153	216	318
189	218	500
217	440	493
48	317	657
165	389	646
114	167	419
176	182	185
58	257	330
169	341	585
61	382	490
77	143	558
68	80	254
283	312	622
150	374	563
393	445	454
57	102	279
153	416	500
49	156	449
207	293	403
103	222	234
305	403	487
317	396	651
145	378	548
89	386	651
57	279	432
167	189	416
212	588	608
38	110	145
177	201	470
49	57	156
60	151	448
169	254	573
7	278	496
99	170	240
171	367	657
58	397	404
234	498	622
135	376	544
102	156	449
20	352	591
183	282	524
56	371	460
50	234	299
54	258	521
278	280	616
176	317	367
218	273	500
41	188	263
455	484	638
347	370	617
150	352	374
151	265	489
253	347	652
187	404	486
30	138	228
34	312	472
48	89	651
280	528	593
87	245	638
157	295	571
4	89	230
152	610	651
63	432	537
111	245	388
243	495	641
53	69	535
7	27	278
111	320	659
175	342	464
14	206	403
73	162	356
42	445	505
177	427	428
30	58	190
60	151	209
329	384	531
99	146	567
77	143	666
362	444	541
187	371	486
68	142	510
311	417	559
13	213	384
182	449	648
173	198	320
276	534	606
193	339	490
315	364	413
87	541	638
7	278	436
78	463	490
30	187	190
186	285	515
114	153	523
143	624	666
240	292	513
357	608	650
78	193	381
53	352	591
367	386	651
222	472	498
180	237	435
52	169	630
48	93	657
115	234	312
57	208	279
189	318	434
12	254	464
56	99	146
180	237	563
182	185	208
177	427	553
258	424	521
255	472	498
347	393	652
96	101	348
63	157	195
71	143	325
58	170	240
84	250	666
52	227	451
115	234	299
366	431	639
223	376	544
102	166	449
56	190	485
18	296	446
145	173	464
47	338	655
11	12	440
169	342	555
215	370	617
36	382	436
63	89	90
111	455	601
48	317	651
347	614	617
4	89	464
168	299	472
198	538	632
364	477	542
159	396	464
199	355	470
355	470	501
60	265	420
176	181	188
5	138	502
106	259	501
148	301	324
167	273	434
231	240	588
92	184	301
452	575	610
5	138	357
52	285	343
100	183	509
135	215	370
325	558	560
91	223	370
189	216	523
251	341	437
71	72	77
300	426	518
99	170	291
48	60	126
196	502	608
48	263	651
262	367	418
99	190	404
281	360	638
125	331	533
64	482	581
99	170	488
52	71	77
52	253	254
83	157	473
143	398	666
91	223	376
233	502	608
196	502	513
166	185	411
57	63	195
50	234	498
44	142	510
49	185	279
114	189	500
161	440	493
177	340	459
58	134	170
218	500	531
187	301	324
251	341	585
245	388	446
180	237	272
170	187	240
48	317	418
180	206	645
145	230	478
266	328	449
134	146	187
188	367	657
68	74	178
31	269	533
54	393	454
166	185	356
296	519	549
258	384	393
187	257	371
63	157	473
384	509	531
22	253	641
12	149	235
135	347	376
15	58	170
200	563	591
91	135	405
152	171	396
172	420	671
7	109	298
173	320	362
32	60	664
234	407	415
56	99	190
273	419	500
145	271	378
306	438	623
177	340	427
198	647	664
176	449	654
196	231	357
248	500	531
182	356	648
52	68	259
72	77	131
213	383	393
197	508	517
52	254	451
91	376	617
212	513	588
52	84	636
482	513	581
94	376	561
177	340	390
15	187	332
405	544	617
198	245	388
41	152	618
23	464	548
116	213	393
111	245	444
57	156	499
205	410	598
282	559	565
52	71	343
171	262	367
212	502	513
111	388	484
29	245	638
99	240	292
470	501	635
340	427	606
320	446	659
177	201	340
95	254	510
22	347	370
30	187	545
66	99	486
156	157	473
237	563	591
128	481	532
405	614	646
189	248	500
199	508	635
108	196	357
96	101	534
274	421	557
273	416	500
15	148	301
367	386	657
94	379	561
156	537	571
255	472	604
146	187	486
312	407	472
1	340	606
165	370	617
384	531	577
149	163	441
158	301	324
99	134	170
57	156	571
233	267	502
141	471	506
102	382	449
41	93	152
34	234	299
172	173	464
213	384	393
12	25	433
212	292	608
187	397	404
197	408	553
57	156	473
256	633	656
68	74	357
30	99	545
68	74	292
183	311	509
188	278	367
427	470	606
318	434	531
240	401	513
135	165	376
315	413	522
240	588	608
327	389	646
386	491	657
41	93	367
34	234	255
42	445	521
123	512	586
370	544	617
219	275	428
54	213	245
1	201	340
198	296	659
153	434	500
30	99	397
183	241	626
93	152	657
271	451	464
196	482	513
41	367	516
50	104	552
169	230	341
78	82	490
222	299	472
446	538	632
189	434	523
132	174	572
440	493	621
108	240	401
228	290	537
58	146	486
118	634	665
52	259	499
1	470	501
273	318	434
114	189	318
114	153	318
103	234	314
52	71	325
367	546	657
152	171	262
99	240	482
124	230	341
13	258	384
7	27	546
196	220	513
89	342	499
212	502	608
60	448	506
315	364	542
233	357	608
167	189	248
146	337	486
128	338	429
73	102	449
231	240	502
84	497	636
143	325	558
389	561	646
31	269	492
362	444	632
170	187	397
68	74	259
58	146	397
394	634	665
355	501	508
42	174	412
58	138	301
184	301	313
156	449	473
101	348	535
7	278	616
37	212	292
132	226	433
90	306	623
158	228	301
56	99	460
94	389	561
128	338	655
91	389	617
187	301	460
12	440	471
240	513	588
240	482	513
66	99	530
222	234	299
237	414	591
22	165	376
91	389	646
338	366	639
276	517	534
187	330	397
183	311	524
215	327	370
170	212	502
52	355	606
7	48	317
50	312	552
142	388	632
52	169	311
311	349	647
52	169	254
276	470	517
253	359	652
299	407	472
1	199	534
91	370	646
34	283	299
71	77	660
58	330	397
146	187	567
48	188	263
48	159	263
14	357	538
189	218	318
23	175	464
172	185	589
188	396	589
153	218	523
25	226	433
187	301	397
94	529	614
135	215	614
111	281	360
98	282	565
12	149	619
223	264	544
123	469	586
71	77	143
146	187	291
7	27	48
159	451	464
78	202	516
1	201	470
52	68	178
129	148	184
301	379	502
84	491	636
327	370	646
259	271	662
462	525	533
60	420	458
41	263	618
213	393	445
244	611	645
42	521	550
157	453	571
362	444	484
29	245	446
367	516	657
93	152	396
364	413	468
116	393	454
256	300	633
41	282	367
384	454	521
138	228	301
213	260	393
58	426	644
240	292	608
91	264	405
396	589	651
1	534	606
179	563	591
173	601	638
103	115	168
106	355	501
258	260	521
7	126	298
165	529	614
5	187	257
52	311	451
273	434	523
342	411	464
60	458	506
42	505	550
57	63	432
128	431	532
290	301	324
1	459	470
145	271	455
373	634	652
34	255	283
20	414	591
152	171	657
185	208	279
152	396	651
99	240	588
213	260	521
508	606	635
32	60	209
165	614	617
167	416	531
295	473	537
288	336	358
78	202	490
103	168	314
258	260	393
50	234	312
99	170	460
57	166	208
187	371	397
34	234	415
49	328	411
62	169	478
78	93	463
135	165	389
58	92	301
241	509	526
99	404	486
48	589	651
187	257	404
61	382	528
160	403	487
48	304	418
337	371	486
6	116	213
41	152	171
4	230	341
462	487	533
339	367	516
162	356	382
219	428	570
322	351	519
95	254	382
327	376	646
318	419	531
52	169	227
405	614	617
152	188	396
22	94	376
140	169	342
347	376	529
416	500	531
108	196	401
170	212	357
245	362	444
49	382	411
7	298	590
159	263	464
145	464	548
189	248	318
99	330	530
311	349	377
94	370	529
216	273	523
347	376	617
241	417	559
15	104	361
258	445	521
427	534	606
57	166	432
362	455	632
501	508	635
177	427	470
96	136	555
62	145	478
190	337	506
5	99	257
176	266	449
213	383	424
170	187	460
228	290	301
57	102	648
212	357	608
167	273	419
111	360	484
78	193	516
198	502	608
386	514	657
4	230	395
339	367	490
99	291	588
170	187	190
254	451	464
58	190	330
563	584	591
79	233	267
52	212	254
175	193	575
29	601	638
347	370	529
48	188	589
170	240	502
379	561	646
63	473	537
12	25	235
42	393	445
167	189	434
145	173	320
30	92	228
212	292	513
97	364	468
102	162	279
263	418	464
146	187	397
73	176	449
102	162	382
93	396	418
36	382	490
135	376	561
145	378	437
73	208	449
15	187	301
419	523	531
455	632	638
12	25	533
57	195	571
449	453	473
177	470	635
405	544	646
234	415	604
346	413	468
470	606	635
29	111	484
370	561	646
100	183	282
128	338	366
99	146	397
25	174	372
79	108	292
231	357	650
322	519	636
38	145	548
427	470	517
143	250	666
241	559	647
393	445	658
283	299	407
216	273	500
99	365	397
111	388	601
276	470	606
22	94	370
15	330	451
213	445	465
149	163	533
99	175	176
57	345	587
152	159	396
99	170	530
32	60	265
12	206	533
91	135	376
265	420	489
44	325	363
280	593	616
198	320	659
112	445	454
57	345	453
135	405	544
12	235	462
115	168	299
218	318	531
161	229	440
187	330	486
71	143	624
145	254	464
28	206	403
119	376	520
7	423	546
266	328	411
322	351	497
49	73	449
215	223	376
53	352	573
230	251	478
230	251	341
366	481	639
5	170	187
48	188	202
93	126	280
129	184	290
187	190	330
50	104	168
91	94	389
46	339	490
170	187	486
578	580	583
99	146	486
87	173	638
49	185	411
29	111	245
99	330	488
3	431	655
96	271	378
52	212	630
140	251	585
111	444	484
5	99	170
270	352	591
68	170	357
374	563	591
222	234	312
189	248	523
220	231	240
111	388	659
93	367	657
216	318	531
78	193	317
322	335	636
47	429	431
182	356	382
167	434	531
30	58	138
58	330	486
79	108	357
5	170	502
79	212	357
143	199	624
377	385	564
187	257	330
254	382	528
175	193	251
434	523	531
157	279	473
94	215	370
93	126	396
223	370	544
160	462	487
382	449	654
216	523	531
97	346	468
258	384	521
91	379	646
58	134	146
235	462	487
52	253	630
451	573	630
50	168	299
160	293	462
234	255	498
167	273	416
234	299	407
347	529	614
253	311	573
1	199	470
44	77	636
280	590	616
270	414	591
276	606	629
112	116	454
29	446	659
64	291	292
296	446	659
41	317	367
388	446	659
125	487	533
198	608	647
22	253	625
103	115	234
360	484	638
30	158	228
15	170	187
221	311	524
429	481	639
231	267	502
221	282	524
12	235	360
256	518	656
258	383	424
34	283	415
50	104	234
30	99	190
22	347	376
99	397	404
146	491	657
1	470	606
77	131	640
343	403	533
15	30	58
87	362	484
325	363	560
288	358	421
90	306	307
22	165	370
182	208	449
150	563	584
54	454	521
140	169	230
235	293	462
79	233	292
153	218	318
57	156	432
84	468	666
131	624	636
166	185	208
23	172	464
199	355	508
58	170	190
170	212	291
549	632	638
78	82	381
180	237	422
77	660	666
362	549	632
9	399	568
213	384	521
68	254	510
153	416	523
30	99	488
160	206	403
216	500	531
157	453	527
66	187	486
234	314	604
259	499	662
114	318	419
177	197	508
45	69	535
52	212	311
104	361	426
1	501	508
206	305	403
42	412	521
150	200	352
38	96	271
258	259	260
311	559	647
453	473	537
15	271	455
245	444	638
240	357	608
91	94	370
135	379	561
48	171	657
206	207	403
162	328	356
128	481	655
68	263	490
135	405	614
177	197	553
196	231	588
221	282	564
223	370	561
117	182	208
233	357	482
12	149	533
108	240	387
268	394	573
113	447	602
276	340	517
42	384	521
53	294	323
48	418	589
276	470	501
278	339	367
15	104	644
60	265	506
152	386	651
228	301	313
215	327	376
30	228	397
431	532	639
30	129	228
4	250	341
117	162	382
189	218	523
61	277	382
462	533	587
115	118	168
167	218	531
235	403	487
258	383	393
102	449	648
119	230	251
182	328	449
419	500	531
320	362	444
38	145	271
183	241	509
30	99	460
87	99	311
181	208	449
197	517	538
60	209	506
52	186	285
167	218	273
152	386	657
135	370	544
263	464	651
54	213	521
383	393	454
56	371	485
170	240	357
135	347	614
245	281	362
68	311	490
213	424	521
193	339	516
166	328	356
29	446	484
352	584	591
22	165	614
7	109	546
431	639	655
60	151	265
267	482	513
15	58	330
229	421	557
119	503	533
53	133	294
48	188	657
111	173	320
198	388	632
446	455	484
57	102	181
174	219	392
296	446	632
99	365	545
125	206	533
220	240	513
143	199	427
347	370	646
419	531	595
119	251	585
102	181	449
102	279	449
317	367	657
199	276	534
322	335	351
63	195	537
165	370	646
141	151	471
416	523	531
317	396	418
355	470	606
495	641	652
231	240	387
189	216	318
99	257	404
138	357	538
15	66	187
77	322	636
218	273	318
99	190	330
49	156	537
196	588	608
279	449	473
99	196	482
138	502	538
160	293	403
57	295	571
91	405	617
356	382	654
338	532	639
67	349	450
