12	235	462
77	131	640
145	173	464
189	216	523
309	335	640
5	140	175
218	500	531
30	228	488
170	187	460
434	531	595
213	384	521
416	523	531
215	327	376
157	295	571
73	514	621
282	377	565
235	251	481
250	393	617
39	216	259
114	167	419
232	273	304
472	596	631
5	99	257
383	393	454
47	71	524
9	494	662
118	168	573
34	527	530
48	468	583
278	324	639
481	639	655
62	304	537
274	496	623
99	146	486
281	495	538
88	254	357
167	218	531
75	384	519
187	355	359
143	163	588
29	230	336
235	462	487
110	368	562
125	437	571
347	370	646
42	174	412
310	595	662
294	347	588
8	381	420
57	156	432
221	311	524
103	115	234
171	367	657
13	203	320
116	543	590
52	71	77
209	569	631
234	253	472
87	484	638
135	165	389
315	364	413
259	271	662
209	300	565
114	362	481
302	575	623
28	468	553
505	526	611
135	433	476
317	407	456
148	301	324
427	534	606
91	389	646
139	149	345
71	102	103
138	357	538
235	403	487
113	447	602
65	103	520
258	445	521
541	562	619
212	588	608
175	202	548
196	207	575
132	226	574
60	151	448
135	347	376
88	430	629
167	171	569
308	458	548
160	403	487
298	299	506
213	383	424
213	445	521
135	477	594
20	122	431
135	215	370
38	307	642
282	367	657
453	473	537
47	338	429
65	232	510
169	342	555
263	279	296
311	417	559
135	215	376
555	652	661
189	373	572
245	373	439
15	379	609
60	141	151
247	370	640
23	175	464
99	397	404
245	281	638
183	311	647
374	410	615
86	110	655
232	335	614
61	277	382
9	141	343
213	260	521
8	275	584
119	194	592
198	343	538
362	444	484
194	374	648
197	517	538
68	393	516
206	214	442
48	317	657
106	273	439
117	236	651
176	181	188
234	255	498
274	330	351
133	158	527
286	637	661
48	263	651
222	283	299
196	513	588
86	496	653
258	383	393
30	187	488
234	407	415
347	614	646
243	285	287
25	60	240
77	192	476
104	426	644
327	442	619
156	600	644
212	292	513
216	318	531
138	216	583
134	187	330
29	111	601
227	448	526
254	451	573
60	209	457
220	231	240
198	608	647
107	406	593
10	419	453
129	148	324
65	415	571
176	317	367
274	469	490
282	349	377
107	287	330
81	511	518
151	188	533
187	257	371
7	278	436
226	377	443
108	196	357
119	152	655
182	356	648
322	332	423
117	499	619
86	184	504
258	424	521
184	301	313
347	370	529
413	479	546
251	288	480
104	120	229
75	154	293
152	396	651
18	296	446
196	231	357
270	414	591
233	502	608
170	187	397
228	549	666
349	415	611
146	300	460
134	313	656
4	173	539
126	172	661
206	529	599
196	401	513
92	289	293
14	361	667
231	240	502
5	185	315
167	262	544
289	435	591
56	99	146
114	154	516
17	83	600
15	30	99
57	156	571
368	542	619
330	474	534
142	444	632
229	421	620
246	433	563
401	493	648
150	200	563
71	189	502
157	250	385
360	402	624
42	445	505
30	92	228
29	99	518
156	449	473
155	156	543
242	418	582
247	650	656
4	154	324
6	213	383
172	280	427
1	459	470
5	99	170
111	173	601
236	548	662
178	416	503
34	283	312
159	379	569
199	428	650
173	241	572
497	573	635
216	227	649
177	178	340
92	301	324
78	93	463
115	168	274
128	431	532
386	491	657
44	51	219
26	607	616
24	213	511
68	74	357
26	441	620
276	517	534
73	102	162
145	534	548
32	228	629
231	240	401
44	143	325
145	173	320
41	363	599
381	451	526
105	393	443
117	443	580
167	216	531
152	159	657
1	508	606
14	128	364
41	247	477
228	342	615
4	230	395
275	295	298
252	488	492
47	113	598
46	47	428
336	469	586
73	304	595
53	260	660
128	169	405
56	400	603
213	260	393
175	413	524
198	502	538
20	88	285
161	440	493
38	525	590
445	518	629
10	197	388
189	248	318
442	564	625
57	166	432
62	312	467
176	225	499
192	426	468
7	48	402
123	512	586
111	379	483
99	240	292
48	589	651
496	499	507
458	530	651
234	312	407
11	367	640
7	27	278
182	349	379
22	347	614
317	396	418
59	166	190
167	273	416
188	396	589
58	134	170
125	487	533
233	463	582
355	508	606
388	446	632
273	318	434
32	60	664
68	170	357
45	189	502
384	411	529
228	301	397
167	189	434
29	134	637
53	155	282
195	297	337
295	473	537
9	399	568
235	293	462
120	282	340
44	77	636
30	187	545
180	267	652
99	291	292
365	380	495
1	379	544
128	338	366
427	517	534
62	478	575
528	556	661
34	283	299
23	89	464
122	272	543
133	214	309
216	273	523
322	335	636
97	346	468
128	338	655
287	398	601
52	77	636
185	377	539
102	242	558
96	271	444
184	348	349
116	205	316
240	401	513
29	601	638
267	502	513
66	99	530
34	77	81
106	229	472
105	340	349
42	521	550
130	130	293
29	150	641
157	453	571
173	601	638
120	320	575
1	470	606
85	205	335
220	240	513
25	247	338
108	240	401
18	162	171
57	102	279
5	39	89
249	266	483
38	213	353
3	182	434
96	142	444
38	142	533
125	180	293
257	277	502
220	609	615
135	405	544
169	254	573
140	230	251
170	260	382
187	190	485
6	149	372
57	234	439
48	188	202
405	544	617
67	113	388
148	203	441
264	358	476
55	469	531
4	89	464
61	133	493
117	176	640
19	259	471
49	91	155
273	416	523
29	111	245
41	93	152
221	282	524
58	146	486
166	185	411
317	396	651
31	380	492
98	223	525
238	462	635
249	362	597
103	193	217
143	359	470
48	121	330
99	365	545
232	415	523
61	382	490
42	445	521
42	54	393
173	320	362
9	399	535
2	45	484
38	145	478
306	435	614
84	120	562
140	169	585
106	355	501
312	431	498
332	524	620
142	488	669
103	165	517
233	292	608
497	547	548
55	329	658
74	388	520
1	199	470
63	242	393
182	449	648
452	499	515
41	152	188
255	291	509
96	136	555
87	362	541
264	389	561
30	99	488
78	193	317
282	377	564
61	539	574
87	245	362
315	513	639
451	591	624
327	376	646
47	431	655
52	311	451
446	538	632
130	219	665
122	518	610
4	250	341
218	273	523
112	345	440
88	379	643
145	493	651
187	332	404
9	470	539
311	559	647
258	379	480
169	311	573
72	146	346
291	326	394
30	99	397
165	376	617
246	536	665
426	518	656
317	367	651
440	455	557
559	619	641
258	610	610
317	367	418
13	29	100
416	500	531
160	208	212
49	477	659
128	338	532
187	301	460
52	253	630
325	363	560
153	218	318
204	219	318
69	375	602
110	121	553
26	130	132
233	482	581
238	256	301
149	163	533
57	181	208
57	279	432
100	578	602
397	553	575
287	450	628
52	84	285
135	405	614
396	418	464
233	267	291
34	234	314
214	509	564
16	536	549
91	94	389
36	382	436
39	118	665
73	136	577
266	474	536
406	426	586
167	434	531
84	497	636
237	563	591
31	241	433
91	379	646
38	167	575
44	91	631
91	264	389
80	421	557
66	92	583
112	218	504
130	293	652
165	352	649
129	184	290
228	301	313
165	376	646
141	199	394
176	449	654
159	213	405
79	548	607
180	237	414
353	390	552
230	241	329
462	487	533
53	94	115
165	376	529
231	240	357
271	332	374
176	303	503
152	159	396
405	621	639
60	151	265
271	451	515
248	261	408
316	329	594
99	404	486
71	77	660
135	561	614
28	86	98
345	403	449
370	561	617
185	242	256
68	302	462
146	549	608
88	265	536
99	175	176
462	525	533
10	13	565
245	388	446
377	503	540
7	27	546
167	273	434
177	201	340
21	56	226
40	87	467
230	251	341
25	296	612
271	451	464
152	171	262
245	362	388
131	624	636
71	72	77
147	309	590
27	242	366
48	159	657
229	421	557
177	459	470
170	187	240
57	195	571
56	190	485
159	254	256
383	424	454
154	294	440
87	549	638
140	164	299
3	225	580
215	370	617
388	446	659
95	508	511
146	337	486
20	525	615
362	455	484
386	514	657
2	45	584
266	328	411
54	393	454
177	258	550
325	431	626
12	149	533
319	325	493
147	636	668
29	245	446
26	175	497
91	318	638
409	500	507
135	347	614
48	407	521
48	181	188
273	519	578
96	156	474
231	253	578
4	104	251
386	640	652
238	296	612
181	385	619
257	424	565
12	25	235
148	184	301
248	424	509
236	543	600
107	118	156
63	89	90
115	168	299
5	187	257
22	253	347
99	134	146
148	425	582
51	74	307
189	216	318
275	289	427
240	502	513
199	296	423
48	317	651
271	286	287
52	212	630
187	259	402
231	402	632
303	500	630
99	146	488
60	265	506
1	470	501
429	481	639
56	61	642
134	646	661
10	22	615
119	230	251
102	125	572
173	198	320
108	240	292
1	136	197
177	340	390
55	73	605
47	118	181
145	151	297
167	189	416
111	360	484
12	121	225
218	523	531
42	393	445
196	614	665
108	466	643
14	403	487
71	143	624
441	452	618
228	419	579
60	141	506
343	368	467
57	279	473
183	241	647
477	618	672
213	393	445
153	218	500
183	358	400
208	279	449
346	371	492
188	372	664
276	344	345
81	426	664
222	371	597
13	206	221
50	196	585
56	104	149
108	240	357
31	301	307
273	434	595
18	232	577
233	267	502
46	171	178
220	452	477
166	328	356
196	307	479
92	195	589
273	318	419
55	301	568
160	206	403
337	371	486
92	228	301
431	639	655
58	330	486
306	359	412
271	378	421
121	290	520
245	444	638
52	84	636
99	330	488
340	504	517
156	211	530
54	454	521
373	562	595
93	152	657
79	212	357
64	79	267
350	367	402
95	254	382
41	127	177
219	340	618
83	441	595
338	421	510
240	357	482
62	251	478
129	290	324
64	267	291
287	441	583
268	394	573
150	563	584
306	438	623
105	223	408
30	138	228
56	99	460
200	352	591
62	139	243
96	306	369
157	295	527
94	107	367
102	266	449
171	234	319
25	368	662
455	632	638
33	276	580
340	355	519
4	89	499
336	360	502
166	375	409
132	198	476
275	459	467
230	478	575
52	186	285
108	240	387
68	357	482
123	469	586
11	46	109
495	556	666
149	552	640
434	576	585
73	455	516
375	512	554
170	240	502
261	371	602
187	371	486
6	25	34
48	93	418
57	453	473
260	393	454
137	251	282
249	267	665
273	419	523
156	473	537
445	576	616
69	448	647
114	419	523
87	362	549
15	58	301
63	449	473
37	68	292
93	126	280
98	466	480
161	187	511
112	155	402
11	545	571
114	318	419
137	354	503
63	413	537
297	534	614
99	146	567
99	170	291
101	191	360
337	352	491
215	223	370
8	159	267
1	413	583
58	397	404
48	303	646
22	347	370
53	524	634
60	265	420
226	455	648
38	145	548
175	193	575
247	478	570
396	589	651
247	407	602
125	525	533
11	12	440
41	132	202
27	108	146
270	514	530
235	274	418
352	374	591
212	220	513
379	462	577
198	245	455
58	84	426
34	604	618
177	399	622
165	339	519
52	169	630
57	166	208
77	143	666
409	510	539
10	33	557
114	189	500
149	163	441
91	135	405
155	242	657
65	405	523
95	365	624
253	347	646
33	160	670
252	542	552
177	197	553
187	330	486
304	340	365
315	471	477
23	464	548
199	508	635
78	463	490
89	342	499
225	644	655
183	241	417
379	408	459
50	314	529
306	498	645
23	172	464
183	311	509
52	106	259
74	617	660
340	427	517
183	262	420
334	381	648
77	660	666
163	278	332
154	220	257
92	184	301
294	577	619
116	169	497
49	382	449
168	312	472
77	154	418
231	475	490
271	274	421
469	487	513
225	565	590
213	247	397
276	340	517
49	57	279
153	216	318
20	151	435
46	339	490
50	168	299
138	228	301
67	349	450
314	363	489
167	218	273
195	482	647
167	298	634
15	99	148
172	180	659
70	294	610
117	463	631
52	212	311
282	380	612
64	482	581
216	369	487
43	152	392
30	187	190
167	189	242
322	351	519
10	26	463
69	133	438
124	380	474
100	170	653
36	375	577
158	301	324
41	333	638
108	119	136
12	206	533
97	364	468
28	403	487
48	317	418
111	245	444
13	172	665
187	257	330
86	265	271
57	102	166
108	196	401
199	427	553
296	519	549
198	388	632
199	652	653
2	49	611
11	188	609
228	290	537
145	271	378
81	286	534
57	345	453
66	187	486
354	462	529
190	470	585
347	376	646
153	434	500
241	409	641
212	291	292
11	443	613
7	187	410
87	362	484
68	80	254
156	157	473
50	234	498
57	453	571
160	235	350
347	418	508
34	234	255
151	274	602
103	220	663
279	357	619
343	505	633
63	432	537
251	341	585
573	585	585
1	340	459
296	444	632
115	168	312
68	263	490
270	430	587
26	620	645
273	402	484
89	386	651
42	106	596
340	448	625
421	522	599
7	41	317
91	135	376
198	388	659
15	99	170
426	453	606
7	321	398
223	376	561
117	433	544
283	354	668
115	152	168
79	204	244
406	412	494
254	527	532
206	207	403
208	402	589
48	93	126
273	434	500
434	500	531
113	125	247
52	68	178
75	131	215
181	481	573
7	109	546
152	188	396
329	371	558
35	415	664
208	358	475
50	312	552
143	250	666
57	317	614
160	420	463
222	299	472
316	323	668
187	257	404
58	190	330
157	184	332
412	509	657
111	245	388
43	598	629
98	486	525
159	348	576
13	300	642
580	595	643
181	236	444
58	170	240
245	281	362
283	457	530
37	253	638
166	208	449
237	282	353
377	400	623
132	218	454
290	464	465
63	157	195
467	497	592
22	244	273
295	449	473
94	215	376
120	166	234
244	369	651
186	317	502
9	112	277
481	520	592
99	240	482
40	241	302
157	279	473
284	309	646
131	178	559
253	573	630
138	339	631
99	170	460
38	145	271
1	199	508
227	387	490
10	21	333
240	482	513
8	165	477
336	358	469
103	420	598
81	133	671
73	127	388
172	322	342
180	237	435
233	502	581
71	77	143
307	437	581
202	222	296
367	516	657
320	362	444
10	151	191
87	173	362
305	403	487
92	455	646
240	502	608
5	257	357
116	213	521
415	481	637
423	611	659
355	470	606
30	434	520
170	240	357
220	434	635
279	490	509
53	352	591
155	281	421
219	627	640
111	265	360
255	444	609
67	524	568
35	276	626
412	517	636
421	649	656
96	454	633
230	251	478
49	125	638
396	418	589
164	189	484
342	411	464
89	560	578
187	190	404
218	335	488
168	232	557
125	331	533
76	119	265
243	495	641
189	218	500
241	417	559
78	202	490
44	236	425
216	273	318
34	46	235
62	145	478
165	529	614
170	187	488
231	240	588
296	549	632
136	322	382
110	329	430
23	455	504
189	248	523
40	332	420
119	251	585
495	641	652
42	412	505
182	185	356
133	346	409
78	82	381
78	193	381
14	206	403
260	480	494
159	263	464
196	502	608
206	305	403
187	330	545
342	350	507
439	459	580
183	282	524
122	519	606
338	639	655
347	376	617
182	393	552
75	203	255
79	515	612
151	265	489
177	340	459
102	382	449
28	157	163
116	303	505
91	376	617
91	223	264
215	273	627
87	245	638
113	269	441
56	371	485
140	575	585
78	193	516
87	372	376
29	362	484
132	174	572
389	563	660
266	328	449
212	292	608
229	368	614
71	143	325
169	175	342
116	323	470
195	401	459
9	55	166
191	249	631
180	376	592
133	234	398
189	318	434
15	58	644
118	573	634
99	170	530
243	347	495
219	275	428
122	430	515
125	470	574
167	416	531
42	247	486
145	246	525
59	234	403
315	494	558
52	71	325
140	230	575
299	337	601
112	237	450
207	277	666
247	262	621
87	106	507
255	407	472
81	301	565
399	609	667
98	282	565
52	292	374
312	383	669
95	328	449
291	292	520
58	404	486
5	267	310
69	588	655
206	546	604
159	367	657
32	60	448
329	384	531
33	274	308
214	467	585
143	337	536
75	189	447
218	318	531
6	283	527
256	336	665
150	581	619
159	181	316
246	309	477
382	449	654
186	285	515
552	573	630
94	370	561
5	38	480
75	584	608
237	473	532
116	258	521
60	420	458
145	271	464
106	452	511
350	496	558
245	362	444
166	286	294
120	158	278
197	259	350
114	189	318
111	388	659
99	170	190
1	459	508
233	357	608
84	531	562
129	148	184
394	634	665
305	372	381
101	132	378
542	551	580
347	495	652
128	429	481
38	244	379
166	185	356
37	212	292
168	299	472
370	544	646
222	234	299
252	505	598
261	508	555
93	367	657
2	157	409
48	60	126
207	246	505
152	171	657
27	363	579
15	66	99
312	407	472
173	198	538
91	94	379
12	440	471
81	253	649
149	435	479
388	446	484
156	432	537
111	245	455
36	134	451
152	386	651
38	174	486
74	631	653
124	387	597
135	379	561
258	259	260
94	376	561
176	213	419
192	398	581
182	328	356
256	300	633
164	211	467
14	293	403
215	237	603
322	607	659
183	282	565
206	522	542
154	606	643
18	183	465
226	403	487
234	314	498
186	326	525
29	335	554
245	362	455
138	301	502
7	48	126
105	376	410
170	187	291
12	462	533
397	536	564
367	386	651
327	347	593
185	412	663
22	94	614
215	614	617
4	216	362
73	208	449
128	239	445
7	27	48
51	431	579
189	416	523
229	440	557
29	111	659
258	260	393
171	302	323
48	418	589
257	269	307
55	525	575
92	136	338
234	498	622
295	369	601
403	487	533
50	104	234
249	590	643
21	98	243
91	223	376
198	296	632
4	89	230
383	419	608
36	157	535
84	250	285
197	216	619
348	389	574
189	218	318
33	269	618
146	204	402
317	365	469
326	390	555
177	427	553
415	539	603
219	221	359
89	464	651
119	420	624
177	470	635
375	428	480
129	435	441
49	156	449
246	388	631
18	379	472
4	28	575
376	561	617
199	427	470
108	268	650
177	642	650
222	472	498
22	253	625
264	561	614
145	378	615
342	573	608
225	483	575
94	370	529
278	280	496
311	451	573
59	299	374
54	170	242
208	624	625
59	59	92
167	248	531
260	288	600
179	563	591
198	538	632
104	645	669
156	449	499
119	315	402
176	181	449
44	69	457
76	202	226
82	131	205
30	58	138
377	385	564
235	288	665
196	231	502
49	185	411
3	431	655
111	115	135
450	566	568
30	99	190
41	82	193
160	230	643
66	99	488
125	533	587
238	420	566
470	606	635
12	275	539
109	410	666
294	521	557
503	619	668
84	513	619
55	300	659
131	217	451
427	517	553
206	563	634
360	496	585
289	351	557
17	588	598
123	137	173
222	283	312
38	483	550
121	401	561
356	363	647
340	538	654
29	446	484
51	83	611
168	207	388
39	166	595
378	410	453
22	312	462
167	242	531
256	554	643
114	238	281
116	213	393
353	510	588
177	427	428
87	383	635
102	279	449
99	190	330
70	478	529
7	27	590
54	213	521
102	244	313
143	482	592
45	69	535
288	358	421
4	350	554
298	367	657
181	473	587
320	446	659
52	285	355
49	382	411
215	223	376
458	464	504
156	157	571
8	20	152
95	119	435
91	389	617
47	271	665
128	381	660
71	77	640
240	292	608
49	57	156
121	204	631
395	466	535
99	291	588
49	328	411
138	502	538
237	470	644
42	505	550
77	488	630
107	600	630
141	195	495
193	377	458
234	312	622
349	406	595
169	573	630
159	276	531
133	228	553
213	473	665
15	58	170
167	273	419
114	153	523
144	395	492
82	106	146
130	503	643
58	134	330
301	313	324
135	347	370
139	289	494
30	228	397
76	444	572
307	560	616
276	340	606
318	506	610
13	289	603
52	68	259
420	629	671
143	292	417
20	488	671
339	367	490
153	216	500
210	483	567
237	414	591
3	10	509
146	187	397
129	531	638
134	170	187
178	333	658
85	315	522
26	258	361
7	41	402
232	451	620
182	328	449
104	244	359
217	349	581
160	566	660
38	145	252
71	143	343
30	119	270
25	164	576
216	523	531
42	384	393
150	188	578
33	122	258
48	89	651
561	614	617
419	523	531
98	193	264
52	254	451
152	386	657
125	206	533
370	549	625
91	405	617
43	128	358
452	575	610
31	269	492
504	513	629
233	357	482
238	296	555
299	407	472
44	151	236
105	499	537
223	379	561
156	272	328
78	193	490
165	389	646
248	281	424
41	152	618
370	561	646
234	299	407
234	255	407
427	470	517
50	234	299
389	457	556
433	494	586
174	216	560
128	366	481
103	234	314
378	437	569
42	384	521
352	553	613
137	211	259
172	216	580
150	163	476
8	147	576
99	142	550
91	94	376
50	168	312
218	273	500
265	420	489
117	182	382
79	181	482
196	502	513
206	403	566
49	73	185
442	485	487
81	197	288
79	233	292
153	318	434
126	661	667
52	285	343
357	608	650
3	94	337
81	352	353
358	421	557
288	412	415
67	97	307
175	193	251
52	68	254
353	414	426
435	559	569
7	423	546
282	417	536
99	330	530
272	495	592
35	321	618
55	469	498
110	173	654
225	225	460
48	208	266
362	455	632
386	565	611
65	72	279
91	223	370
72	190	279
52	68	142
40	517	588
99	146	291
58	170	190
225	535	663
328	492	661
461	614	668
168	487	527
283	299	407
140	169	342
100	170	528
182	208	449
166	328	449
32	195	411
53	91	94
185	279	356
72	94	373
